0 0.614354 0.351097 0.030050 0.047765
2 0.347654 0.343648 0.037603 0.053424
0 0.736932 0.582981 0.033136 0.083333
2 0.143878 0.370157 0.031818 0.056443
2 0.908975 0.327328 0.039154 0.044161
0 0.716244 0.316213 0.033408 0.041906
0 0.909086 0.325908 0.038428 0.043267
2 0.834768 0.301558 0.043604 0.066039
2 0.659391 0.396520 0.034785 0.063450
2 0.659261 0.396151 0.034758 0.062952
2 0.660971 0.392222 0.032015 0.055029
2 0.834748 0.303359 0.042320 0.071360
2 0.834205 0.297217 0.044194 0.055233
2 0.660640 0.389447 0.032067 0.049060
